> Hidden Markov Model: model_protein_dataset_fused_&_downsized_80.0%_2026-06-19_15-37-44.txt
> Training method: Baum-Welch
> Alphabet: ACDEFGHIKLMNPQRSTVWY
> Number of hidden states: 5
> Number of symbols: 20

> Initial state probabilities (pi)
> Shape: (5,)
state_0	0.000000
state_1	0.000000
state_2	1.000000
state_3	0.000000
state_4	0.000000

> Transition matrix (A)
> Shape: (5, 5)
state_0	0.786147	0.000000	0.006870	0.003064	0.203919
state_1	0.042232	0.932198	0.000000	0.025566	0.000004
state_2	0.000000	0.028494	0.000000	0.072525	0.898982
state_3	0.016000	0.000000	0.005439	0.973561	0.005001
state_4	0.622750	0.116071	0.000000	0.004716	0.256463

> Emission matrix (B)
> Shape: (5, 20)
state_0	0.020791	0.011744	0.061319	0.102045	0.042807	0.046552	0.035833	0.064841	0.074539	0.099261	0.024407	0.037632	0.045342	0.056145	0.071715	0.044261	0.037556	0.064157	0.018321	0.040733
state_1	0.104954	0.019112	0.004271	0.004929	0.093933	0.081044	0.010035	0.097139	0.004804	0.178104	0.037070	0.013464	0.023400	0.009832	0.013780	0.059386	0.059568	0.126676	0.024474	0.034024
state_2	0.000000	0.000000	0.000000	0.000000	0.000000	0.000000	0.000000	0.000000	0.000000	0.000000	1.000000	0.000000	0.000000	0.000000	0.000000	0.000000	0.000000	0.000000	0.000000	0.000000
state_3	0.109572	0.048239	0.041184	0.044344	0.028636	0.098224	0.022799	0.031417	0.045424	0.059279	0.009960	0.038903	0.067843	0.040167	0.052175	0.103515	0.075872	0.052707	0.006483	0.023256
state_4	0.197974	0.004031	0.043450	0.032529	0.019987	0.028745	0.000251	0.022991	0.167133	0.068871	0.000735	0.082313	0.037732	0.013211	0.051777	0.107297	0.076798	0.018806	0.012031	0.013339
